20
285
758
947
1273
1389
1678
1807
2095
2423
2746
3048
3198
3390
3694
3857
4193
4595
4619
5062
5121
5577
5853
5966
407
6311
6635
6727
6971
7397
7588
7800
8137
8379
8590
8862
9107
9419
9501
9729
10184
1326
10344
1266
10678
10764
11234
11506
11771
11917
12193
12378
12789
12925
13210
13393
13707
13875
14238
14513
14744
14850
15113
15546
15576
15668
14950
15892
6796
9023
16369
16420
8747
16675
3073
16922
14358
17332
17521
17664
17921
8509
18234
10266
18552
9930
18913
18988
19316
19636
19783
14860
20140
20416
4965
20571
20872
21033
11839
11493
21412
21655
21937
508
4202
4998
22141
22378
22720
16487
13237
3516
23016
11208
23096
23517
23626
2727
23855
24097
24496
24692
25078
25113
25414
25710
25948
26348
26398
26806
27069
27350
7397
17581
27455
27704
28066
25980
3840
28234
2126
28634
28730
1412
22279
12534
29124
29273
29606
2980
28667
29717
29993
18006
4217
30463
30600
28565
30946
31091
31460
4284
8569
14000
31561
31939
32115
32480
17981
32677
4148
32727
2752
32755
7291
32515
31261
32591
32368
32689
2928
4306
4079
22592
32541
21975
32560
32546
17225
32541
4533
3679
32562
14620
31779
30292
32613
32747
26070
24709
32576
32669
14502
32561
32610
32611
32726
32677
32737
32735
15565
32520
24922
19354
10017
18652
25068
16657
12267
32755
28038
20586
32725
25205
32638
32765
26772
32717
32531
32612
15453
32634
8597
32636
32544
32718
28601
13386
32653
32520
20614
32760
32520
32533
26128
27307
28495
32732
32733
32700
32706
28097
20934
32642
31235
28872
32607
32525
32753
32610
13598
32767
18974
15614
32596
32601
32767
27339
32619
32731
32701
32623
32587
32756
25983
32689
16741
32721
32538
32668
32746
23856
32751
32654
32647
32556
32565
32679
26010
32707
32699
32677
32744
32642
32529
20085
32527
32718
32657
32576
22570
32765
21845
32562
16384
32759
32608
32623
32631
30176
32572
22674
32654
32615
32682
32732
32681
25622
32531
32657
32558
32672
32754
32650
28695
32516
32706
32660
30489
22647
32621
32658
32669
23276
28182
32562
32659
32689
32577
30505
32734
32656
32710
32513
32648
32513
32512
28037
32727
32756
32628
28197
32602
32627
32553
32630
32575
32599
32532
32663
32721
32631
32718
32706
32588
32730
32647
32587
32663
32543
32697
32658
32723
32610
32599
32681
32683
32579
28336
32648
32751
32672
32721
27926
30633
32665
32674
28242
32651
32612
32754
32627
32749
32759
32748
32707
32647
32662
32756
32708
32722
32591
32766
32715
30301
32642
32601
32638
32674
32539
32515
32733
32622
32579
32708
32542
32766
32576
32618
32666
32613
32655
32529
32515
32709
32681
32600
32711
32594
32552
32613
32706
32708
32545
32632
32755
32631
32677
32567
32596
32705
32545
32679
32586
32731
32623
32642
32747
32665
32682
32622
32628
32549
32540
32675
32579
32664
32588
32595
32664
32593
32631
32664
32700
32563
32519
32609
32699
32574
32753
32667
32662
32713
32666
32647
32557
32559
32583
32595
32534
32551
32620
32667
32704
32696
32650
32536
32632
32734
32556
32554
32739
32686
32744
32766
32746
32691
32715
32606
32757
32536
32732
32678
32756
32695
32633
32680
32600
32575
32670
32525
32532
32710
32691
32756
32551
32584
32764
32721
32618
32648
32675
32655
32655
32515
32516
32689
32696
32561
32590
32535
32551
32736
32525
32555
32535
32649
32609
32513
32730
32552
32535
32653
32550
32532
32646
32684
32561
32746
32664
32736
32657
32597
32669
32758
32522
32585
32534
32624
32570
32636
32588
32722
32543
32528
32576
32742
32596
32523
32680
32599
32729
32695
32591
32562
32588
32566
32517
32579
32598
32582
32743
32700
32586
32531
32539
32746
32674
32700
32719
32665
32666
32723
32538
32525
32642
32743
32551
32700
32604
32673
32600
32532
32603
32723
32757
32601
32569
32740
32685
32668
32526
32577
32571
32514
32518
32748
32689
32619
32720
32714
32744
32548
32653
32616
32622
32537
32610
32666
32586
32749
32750
32530
32562
32546
32546
32744
32754
32722
32578
32624
32667
32540
32742
32679
32528
32554
32639
32692
32525
32581
32655
32761
32706
32666
32710
32754
32541
32691
32714
32631
32752
32599
32651
32588
32687
32712
32631
32595
32651
32607
32593
32725
32717
32702
32656
32725
32618
32576
32746
32556
32628
32621
32682
32723
32525
32530
32612
32560
32732
32669
32599
32533
32759
32679
32550
32568
32514
32639
32764
32711
32640
32553
32728
32698
32610
32561
32756
32612
32574
32676
32548
32593
32582
32602
32530
32720
32611
32553
32616
32630
32520
32569
32708
32634
32702
32666
32727
32633
32538
32720
32643
32698
32560
32577
32706
32644
32736
32755
32583
32721
32716
32702
32749
32676
32644
32605
32557
32576
32752
32766
32547
32568
32607
32548
32640
32581
32515
32563
32653
32576
32679
32557
32731
32719
32699
32529
32614
32601
32627
32614
32535
32555
32522
32699
32527
32629
32587
32765
32553
32564
32529
32553
32684
32660
32714
32720
32574
32732
32712
32760
32703
32527
32534
32713
32679
32577
32547
32735
32630
32558
32560
32752
32607
32694
32763
32583
32667
32555
32603
32594
32589
32617
32759
32697
32592
32730
32539
32539
32647
32656
32560
32553
32544
32646
32664
32629
32553
32586
32625
32577
32759
32720
32598
32527
32667
32669
32542
32581
32530
32657
32661
32603
32591
32562
32582
32555
32517
32532
32721
32747
32589
32716
32616
32762
32590
32556
32548
32632
32538
32656
32720
32664
32554
32750
32659
32633
32728
32661
32707
32651
32669
32542
32644
32606
32673
32610
32703
32612
32730
32664
32727
32715
32637
32574
32641
32722
32649
32571
32627
32618
32635
32653
32696
32653
32649
32547
32578
32561
32710
32654
32632
32667
32571
32576
32726
32572
32708
32564
32726
32684
32619
32650
32585
32639
32655
32766
32601
32638
32605
32614
32523
32524
32612
32761
32522
32646
32688
32512
32687
32677
32716
32597
32610
32606
32759
32676
32740
32717
32669
32568
32609
32681
32593
32618
32564
32674
32540
32699
32633
32624
32605
32680
32571
32550
32730
32565
32563
32550
32594
32533
32602
32709
32536
32580
32679
32733
32534
32643
32563
32573
32708
32572
32560
32599
32663
32667
32603
32576
32619
32742
32762
32758
32719
32522
32540
32605
32669
32695
32592
32705
32557
32765
32568
32540
32687
32748
32713
32763
32587
