0
0
29
108
0
0
23
67
75
-35
11
0
56
27
53
0
0
-68
66
62
0
0
0
59
37
105
58
-111
-114
0
0
0
0
-18
48
40
-28
-14
0
0
0
28
0
39
58
0
43
21
-2
0
0
10
0
0
43
0
-30
12
18
0
0
57
0
57
0
0
57
0
0
-49
0
0
10
-56
0
61
35
0
0
0
0
0
36
57
0
17
0
0
0
0
-47
0
0
0
0
-42
0
0
79
0
0
101
0
0
32
62
0
60
0
89
0
0
0
0
0
0
59
-23
-53
0
0
0
40
0
50
46
0
0
6
34
0
50
0
0
79
0
27
0
0
62
63
61
26
0
65
10
0
0
42
0
126
0
0
33
0
-65
0
0
55
92
0
0
0
0
0
48
92
0
0
0
0
-75
0
-4
-98
64
0
-109
0
0
0
18
-5
0
0
-75
0
54
0
0
0
23
27
0
-56
0
0
58
26
0
0
0
47
0
19
88
61
0
0
55
0
0
51
25
0
0
0
0
-70
124
14
58
0
0
56
0
0
0
-60
0
0
20
0
0
0
34
0
15
0
0
26
0
0
0
0
-86
-109
0
0
0
17
0
63
29
-128
0
23
0
0
33
25
63
46
49
0
0
63
114
26
54
0
-37
18
0
95
0
0
0
1
0
7
0
-5
27
-31
0
0
105
34
48
-82
0
0
48
0
0
3
16
0
0
38
0
0
41
0
-3
0
27
-35
0
0
34
56
-39
8
0
0
49
68
0
51
0
39
16
-59
0
31
0
0
29
0
63
0
0
8
63
100
0
0
0
44
0
62
0
0
0
0
0
53
0
0
0
31
-36
0
45
79
85
0
101
0
-35
47
33
0
37
97
18
-27
-57
0
63
-76
10
-107
0
-86
-112
0
0
-69
0
0
31
0
0
57
22
34
0
15
92
0
-3
0
-80
-95
20
0
0
42
19
24
114
0
22
0
57
13
6
64
0
32
-48
0
27
27
0
4
4
0
-93
0
-128
0
0
0
-15
26
0
0
49
0
0
0
124
29
0
13
0
0
0
105
45
-74
-101
40
58
0
38
38
0
0
0
-24
-48
0
0
20
0
0
29
0
0
-52
65
0
-18
15
0
-26
5
0
9
-95
0
75
81
-108
45
-55
0
-90
0
0
22
0
0
1
0
1
-8
1
0
12
12
108
114
46
0
0
0
32
0
45
0
0
0
15
3
0
0
3
108
0
9
0
0
0
12
0
-24
-29
-29
0
0
0
0
0
23
-59
-55
0
0
-54
-59
0
0
0
49
0
-59
0
29
0
26
0
0
48
0
0
0
0
0
53
40
0
40
0
9
0
0
9
71
0
0
49
0
2
0
85
0
109
83
2
0
44
0
-48
35
11
-71
0
11
-124
70
56
56
0
51
0
10
52
59
0
59
-7
-55
0
0
0
0
0
-106
-76
0
0
0
0
0
0
0
0
-50
0
0
0
0
90
0
43
0
0
0
0
29
0
8
8
8
0
8
58
17
47
47
0
47
47
47
0
38
0
39
41
0
37
-97
0
0
0
-93
0
44
13
13
13
0
44
62
93
0
85
34
0
-85
0
-99
-108
-94
-105
0
0
0
19
0
0
24
0
24
0
0
0
24
116
0
45
0
0
0
0
85
0
-3
-23
22
0
4
31
0
113
0
0
0
10
10
0
0
0
8
0
0
0
55
55
55
0
24
0
0
59
0
0
0
59
59
59
-75
0
1
0
96
31
0
0
37
0
0
124
81
0
0
16
0
0
0
0
0
0
0
23
72
0
87
0
0
0
64
-52
0
0
-23
0
-10
-13
-82
0
13
0
28
57
-59
-54
15
46
3
0
82
0
0
0
0
0
0
0
56
0
5
0
0
0
47
3
44
0
41
0
-56
-9
15
20
0
0
23
7
-66
-111
-90
-118
-106
63
0
0
61
0
0
6
70
70
97
0
0
0
0
22
0
0
0
34
0
0
61
0
18
67
102
0
50
0
51
0
0
-42
19
52
52
-54
0
0
0
58
0
0
0
45
45
0
0
0
20
0
0
0
30
61
100
0
0
0
-16
-30
0
46
0
7
0
7
111
0
57
0
53
114
0
0
0
40
0
-50
-36
53
-34
0
0
0
0
8
17
0
3
46
0
-90
-114
0
60
0
0
0
6
0
-102
35
0
-97
99
53
0
32
0
25
-126
0
0
0
50
50
0
0
-21
0
0
0
62
0
-67
0
0
0
0
0
0
0
0
37
0
62
0
110
0
0
0
0
78
8
15
0
12
48
59
0
59
0
0
0
105
0
24
96
76
0
0
0
0
85
101
102
86
0
-38
56
56
56
-77
47
0
0
0
-83
0
0
0
0
0
0
-85
0
0
126
-46
